# Index 	 Time 	 Data
4.769900000000000000e+04 5.369180464516128413e+05 6.107000000000000000e+03
4.770000000000000000e+04 5.369329303225806216e+05 5.306000000000000000e+03
4.770100000000000000e+04 5.369486247741935076e+05 4.402000000000000000e+03
4.770200000000000000e+04 5.369639767741936957e+05 4.647000000000000000e+03
4.770300000000000000e+04 5.369796247741937404e+05 4.499000000000000000e+03
4.770400000000000000e+04 5.369949767741935793e+05 4.217000000000000000e+03
4.770500000000000000e+04 5.370106247741936240e+05 4.412000000000000000e+03
4.770600000000000000e+04 5.370260464516128413e+05 4.170000000000000000e+03
4.770700000000000000e+04 5.370409303225806216e+05 4.390000000000000000e+03
4.770800000000000000e+04 5.370566247741935076e+05 4.453000000000000000e+03
4.770900000000000000e+04 5.370719767741934629e+05 4.429000000000000000e+03
4.771000000000000000e+04 5.370876247741935076e+05 4.046000000000000000e+03
4.771100000000000000e+04 5.371029767741934629e+05 4.127000000000000000e+03
4.771200000000000000e+04 5.371186247741935076e+05 4.244000000000000000e+03
4.771300000000000000e+04 5.371340464516128413e+05 4.018000000000000000e+03
4.771400000000000000e+04 5.371489303225806216e+05 4.157000000000000000e+03
4.771500000000000000e+04 5.371646247741938569e+05 4.203000000000000000e+03
4.771600000000000000e+04 5.371799767741936957e+05 3.833000000000000000e+03
4.771700000000000000e+04 5.371956247741936240e+05 3.662000000000000000e+03
4.771800000000000000e+04 5.372109767741935793e+05 4.401000000000000000e+03
4.771900000000000000e+04 5.372266247741935076e+05 4.065000000000000000e+03
4.772000000000000000e+04 5.372420464516128413e+05 3.494000000000000000e+03
4.772100000000000000e+04 5.372569303225806216e+05 3.663000000000000000e+03
4.772200000000000000e+04 5.372726247741935076e+05 3.928000000000000000e+03
4.772300000000000000e+04 5.372879767741934629e+05 3.873000000000000000e+03
4.772400000000000000e+04 5.373036247741935076e+05 4.043000000000000000e+03
4.772500000000000000e+04 5.373189767741934629e+05 3.918000000000000000e+03
4.772600000000000000e+04 5.373346247741935076e+05 3.885000000000000000e+03
4.772700000000000000e+04 5.373500464516130742e+05 3.863000000000000000e+03
4.772800000000000000e+04 5.373649303225807380e+05 4.074000000000000000e+03
4.772900000000000000e+04 5.373806247741936240e+05 3.684000000000000000e+03
4.773000000000000000e+04 5.373959767741935793e+05 3.755000000000000000e+03
4.773100000000000000e+04 5.374116247741935076e+05 4.058000000000000000e+03
4.773200000000000000e+04 5.374270464516128413e+05 4.250000000000000000e+03
4.773300000000000000e+04 5.374419303225806216e+05 3.757000000000000000e+03
4.773400000000000000e+04 5.374576247741935076e+05 3.693000000000000000e+03
4.773500000000000000e+04 5.374729767741934629e+05 3.578000000000000000e+03
4.773600000000000000e+04 5.374886247741935076e+05 3.741000000000000000e+03
4.773700000000000000e+04 5.375039767741934629e+05 3.513000000000000000e+03
4.773800000000000000e+04 5.375196247741935076e+05 3.363000000000000000e+03
4.773900000000000000e+04 5.375350464516128413e+05 3.523000000000000000e+03
4.774000000000000000e+04 5.375499303225807380e+05 3.530000000000000000e+03
4.774100000000000000e+04 5.375656247741937404e+05 3.698000000000000000e+03
4.774200000000000000e+04 5.375809767741935793e+05 3.612000000000000000e+03
4.774300000000000000e+04 5.375966247741936240e+05 3.637000000000000000e+03
4.774400000000000000e+04 5.376119767741934629e+05 3.624000000000000000e+03
4.774500000000000000e+04 5.376276247741935076e+05 3.346000000000000000e+03
4.774600000000000000e+04 5.376430464516128413e+05 3.192000000000000000e+03
4.774700000000000000e+04 5.376579303225806216e+05 3.513000000000000000e+03
4.774800000000000000e+04 5.376736247741935076e+05 3.583000000000000000e+03
4.774900000000000000e+04 5.376889767741934629e+05 3.421000000000000000e+03
4.775000000000000000e+04 5.377046247741935076e+05 3.526000000000000000e+03
4.775100000000000000e+04 5.377199767741934629e+05 3.542000000000000000e+03
4.775200000000000000e+04 5.377356247741938569e+05 3.537000000000000000e+03
4.775300000000000000e+04 5.377510464516130742e+05 3.344000000000000000e+03
4.775400000000000000e+04 5.377659303225807380e+05 3.398000000000000000e+03
4.775500000000000000e+04 5.377816247741936240e+05 3.512000000000000000e+03
4.775600000000000000e+04 5.377969767741934629e+05 3.438000000000000000e+03
4.775700000000000000e+04 5.378126247741935076e+05 3.828000000000000000e+03
4.775800000000000000e+04 5.378279767741934629e+05 3.880000000000000000e+03
4.775900000000000000e+04 5.378436247741935076e+05 3.770000000000000000e+03
4.776000000000000000e+04 5.378590464516128413e+05 4.042000000000000000e+03
4.776100000000000000e+04 5.378739303225806216e+05 3.990000000000000000e+03
4.776200000000000000e+04 5.378896247741935076e+05 4.127000000000000000e+03
4.776300000000000000e+04 5.379049767741934629e+05 3.927000000000000000e+03
4.776400000000000000e+04 5.379206247741935076e+05 4.102000000000000000e+03
4.776500000000000000e+04 5.379360464516130742e+05 3.911000000000000000e+03
4.776600000000000000e+04 5.379510000000001164e+05 3.777000000000000000e+03
4.776700000000000000e+04 5.379660000000000000e+05 3.698000000000000000e+03
4.776800000000000000e+04 5.379810000000000000e+05 3.930000000000000000e+03
4.776900000000000000e+04 5.379960000000000000e+05 3.392000000000000000e+03
4.777000000000000000e+04 5.380110000000000000e+05 3.579000000000000000e+03
4.777100000000000000e+04 5.380260000000000000e+05 3.445000000000000000e+03
4.777200000000000000e+04 5.380410000000000000e+05 3.827000000000000000e+03
4.777300000000000000e+04 5.380560000000000000e+05 3.760000000000000000e+03
4.777400000000000000e+04 5.380710000000000000e+05 3.540000000000000000e+03
4.777500000000000000e+04 5.380860000000000000e+05 3.705000000000000000e+03
4.777600000000000000e+04 5.381009303225806216e+05 3.805000000000000000e+03
4.777700000000000000e+04 5.381166247741938569e+05 3.438000000000000000e+03
4.777800000000000000e+04 5.381320464516130742e+05 3.857000000000000000e+03
4.777900000000000000e+04 5.381470000000000000e+05 3.566000000000000000e+03
4.778000000000000000e+04 5.381620000000000000e+05 3.761000000000000000e+03
4.778100000000000000e+04 5.381770000000000000e+05 3.791000000000000000e+03
4.778200000000000000e+04 5.381920000000000000e+05 3.945000000000000000e+03
4.778300000000000000e+04 5.382070000000000000e+05 3.842000000000000000e+03
4.778400000000000000e+04 5.382220000000000000e+05 4.031000000000000000e+03
4.778500000000000000e+04 5.382370000000000000e+05 3.968000000000000000e+03
4.778600000000000000e+04 5.382520000000000000e+05 3.759000000000000000e+03
4.778700000000000000e+04 5.382670000000000000e+05 3.717000000000000000e+03
4.778800000000000000e+04 5.382820000000000000e+05 3.668000000000000000e+03
4.778900000000000000e+04 5.382969303225806216e+05 3.643000000000000000e+03
4.779000000000000000e+04 5.383126247741938569e+05 3.375000000000000000e+03
4.779100000000000000e+04 5.383280464516130742e+05 3.205000000000000000e+03
4.779200000000000000e+04 5.383430000000000000e+05 3.286000000000000000e+03
4.779300000000000000e+04 5.383580000000000000e+05 3.258000000000000000e+03
4.779400000000000000e+04 5.383730000000000000e+05 3.266000000000000000e+03
4.779500000000000000e+04 5.383880000000000000e+05 3.531000000000000000e+03
4.779600000000000000e+04 5.384030000000000000e+05 3.491000000000000000e+03
4.779700000000000000e+04 5.384180000000000000e+05 3.351000000000000000e+03
4.779800000000000000e+04 5.384330000000000000e+05 3.519000000000000000e+03
4.779900000000000000e+04 5.384480000000000000e+05 3.329000000000000000e+03
4.780000000000000000e+04 5.384630000000000000e+05 3.245000000000000000e+03
4.780100000000000000e+04 5.384780000000000000e+05 3.244000000000000000e+03
4.780200000000000000e+04 5.384929303225807380e+05 3.356000000000000000e+03
4.780300000000000000e+04 5.385086247741937404e+05 3.719000000000000000e+03
4.780400000000000000e+04 5.385240464516129578e+05 3.605000000000000000e+03
4.780500000000000000e+04 5.385390000000000000e+05 3.267000000000000000e+03
4.780600000000000000e+04 5.385540000000000000e+05 3.292000000000000000e+03
4.780700000000000000e+04 5.385690000000000000e+05 3.649000000000000000e+03
4.780800000000000000e+04 5.385840000000000000e+05 3.772000000000000000e+03
4.780900000000000000e+04 5.385990000000000000e+05 3.576000000000000000e+03
4.781000000000000000e+04 5.386140000000000000e+05 3.695000000000000000e+03
4.781100000000000000e+04 5.386290000000000000e+05 3.337000000000000000e+03
4.781200000000000000e+04 5.386440000000000000e+05 3.176000000000000000e+03
4.781300000000000000e+04 5.386590000000000000e+05 3.161000000000000000e+03
4.781400000000000000e+04 5.386740000000000000e+05 3.638000000000000000e+03
4.781500000000000000e+04 5.386889303225807380e+05 3.654000000000000000e+03
