# Index 	 Time 	 Data
4.714000000000000000e+04 5.280491504516130080e+05 6.014000000000000000e+03
4.714100000000000000e+04 5.280650464516129578e+05 6.113000000000000000e+03
4.714200000000000000e+04 5.280801504516130080e+05 6.405000000000000000e+03
4.714300000000000000e+04 5.280960464516129578e+05 4.908000000000000000e+03
4.714400000000000000e+04 5.281111504516130080e+05 5.321000000000000000e+03
4.714500000000000000e+04 5.281270464516127249e+05 5.392000000000000000e+03
4.714600000000000000e+04 5.281421339354837546e+05 4.943000000000000000e+03
4.714700000000000000e+04 5.281582165161289740e+05 4.955000000000000000e+03
4.714800000000000000e+04 5.281740464516127249e+05 5.487000000000000000e+03
4.714900000000000000e+04 5.281891504516127752e+05 6.302000000000000000e+03
4.715000000000000000e+04 5.282050464516127249e+05 6.118000000000000000e+03
4.715100000000000000e+04 5.282201504516127752e+05 5.641000000000000000e+03
4.715200000000000000e+04 5.282360464516127249e+05 5.450000000000000000e+03
4.715300000000000000e+04 5.282511504516130080e+05 5.710000000000000000e+03
4.715400000000000000e+04 5.282670464516129578e+05 5.724000000000000000e+03
4.715500000000000000e+04 5.282821504516130080e+05 4.735000000000000000e+03
4.715600000000000000e+04 5.282980464516129578e+05 4.546000000000000000e+03
4.715700000000000000e+04 5.283131504516130080e+05 5.037000000000000000e+03
4.715800000000000000e+04 5.283290464516127249e+05 5.304000000000000000e+03
4.715900000000000000e+04 5.283441504516127752e+05 4.911000000000000000e+03
4.716000000000000000e+04 5.283600464516127249e+05 5.898000000000000000e+03
4.716100000000000000e+04 5.283751504516127752e+05 5.213000000000000000e+03
4.716200000000000000e+04 5.283910464516127249e+05 5.249000000000000000e+03
4.716300000000000000e+04 5.284061339354837546e+05 5.172000000000000000e+03
4.716400000000000000e+04 5.284222165161289740e+05 5.423000000000000000e+03
4.716500000000000000e+04 5.284380464516129578e+05 5.592000000000000000e+03
4.716600000000000000e+04 5.284531504516130080e+05 5.441000000000000000e+03
4.716700000000000000e+04 5.284690464516129578e+05 5.500000000000000000e+03
4.716800000000000000e+04 5.284841504516130080e+05 5.434000000000000000e+03
4.716900000000000000e+04 5.285000464516129578e+05 5.628000000000000000e+03
4.717000000000000000e+04 5.285151504516127752e+05 6.799000000000000000e+03
4.717100000000000000e+04 5.285310464516127249e+05 7.870000000000000000e+03
4.717200000000000000e+04 5.285461504516127752e+05 6.414000000000000000e+03
4.717300000000000000e+04 5.285620464516127249e+05 5.591000000000000000e+03
4.717400000000000000e+04 5.285771504516127752e+05 5.265000000000000000e+03
4.717500000000000000e+04 5.285930464516127249e+05 5.123000000000000000e+03
4.717600000000000000e+04 5.286081504516127752e+05 5.311000000000000000e+03
4.717700000000000000e+04 5.286240464516127249e+05 5.072000000000000000e+03
4.717800000000000000e+04 5.286391504516130080e+05 4.800000000000000000e+03
4.717900000000000000e+04 5.286550464516129578e+05 4.961000000000000000e+03
4.718000000000000000e+04 5.286701339354839874e+05 4.891000000000000000e+03
4.718100000000000000e+04 5.286862165161290905e+05 5.211000000000000000e+03
4.718200000000000000e+04 5.287020464516129578e+05 7.407000000000000000e+03
4.718300000000000000e+04 5.287171504516127752e+05 8.574000000000000000e+03
4.718400000000000000e+04 5.287330464516127249e+05 7.064000000000000000e+03
4.718500000000000000e+04 5.287481504516127752e+05 5.253000000000000000e+03
4.718600000000000000e+04 5.287640619354838273e+05 5.131000000000000000e+03
4.718700000000000000e+04 5.287789999999998836e+05 5.483000000000000000e+03
4.718800000000000000e+04 5.287939845161288977e+05 5.125000000000000000e+03
4.718900000000000000e+04 5.288091504516127752e+05 5.415000000000000000e+03
4.719000000000000000e+04 5.288250619354840601e+05 5.773000000000000000e+03
4.719100000000000000e+04 5.288400000000001164e+05 6.270000000000000000e+03
4.719200000000000000e+04 5.288550000000001164e+05 5.961000000000000000e+03
4.719300000000000000e+04 5.288699845161291305e+05 5.871000000000000000e+03
4.719400000000000000e+04 5.288851504516130080e+05 5.736000000000000000e+03
4.719500000000000000e+04 5.289010619354838273e+05 5.742000000000000000e+03
4.719600000000000000e+04 5.289159999999998836e+05 5.453000000000000000e+03
4.719700000000000000e+04 5.289309845161288977e+05 6.034000000000000000e+03
4.719800000000000000e+04 5.289461504516127752e+05 6.118000000000000000e+03
4.719900000000000000e+04 5.289620619354838273e+05 6.379000000000000000e+03
4.720000000000000000e+04 5.289769999999998836e+05 6.934000000000000000e+03
4.720100000000000000e+04 5.289919999999998836e+05 5.802000000000000000e+03
4.720200000000000000e+04 5.290069845161288977e+05 5.865000000000000000e+03
4.720300000000000000e+04 5.290221504516130080e+05 5.636000000000000000e+03
4.720400000000000000e+04 5.290380619354840601e+05 5.429000000000000000e+03
4.720500000000000000e+04 5.290530000000001164e+05 5.207000000000000000e+03
4.720600000000000000e+04 5.290679845161291305e+05 4.545000000000000000e+03
4.720700000000000000e+04 5.290831504516130080e+05 4.800000000000000000e+03
4.720800000000000000e+04 5.290990619354838273e+05 5.122000000000000000e+03
4.720900000000000000e+04 5.291139999999998836e+05 5.216000000000000000e+03
4.721000000000000000e+04 5.291289845161288977e+05 4.517000000000000000e+03
4.721100000000000000e+04 5.291441504516127752e+05 5.149000000000000000e+03
4.721200000000000000e+04 5.291600619354838273e+05 5.352000000000000000e+03
4.721300000000000000e+04 5.291749999999998836e+05 5.400000000000000000e+03
4.721400000000000000e+04 5.291899999999998836e+05 5.734000000000000000e+03
4.721500000000000000e+04 5.292049845161291305e+05 5.766000000000000000e+03
4.721600000000000000e+04 5.292201504516130080e+05 5.504000000000000000e+03
4.721700000000000000e+04 5.292360619354840601e+05 5.354000000000000000e+03
4.721800000000000000e+04 5.292510000000001164e+05 6.672000000000000000e+03
4.721900000000000000e+04 5.292659845161291305e+05 5.858000000000000000e+03
4.722000000000000000e+04 5.292811504516127752e+05 4.501000000000000000e+03
4.722100000000000000e+04 5.292970619354838273e+05 4.662000000000000000e+03
4.722200000000000000e+04 5.293119999999998836e+05 4.693000000000000000e+03
4.722300000000000000e+04 5.293269999999998836e+05 4.986000000000000000e+03
4.722400000000000000e+04 5.293419845161288977e+05 4.957000000000000000e+03
4.722500000000000000e+04 5.293571504516127752e+05 5.406000000000000000e+03
4.722600000000000000e+04 5.293730619354838273e+05 4.941000000000000000e+03
4.722700000000000000e+04 5.293879999999998836e+05 5.169000000000000000e+03
4.722800000000000000e+04 5.294029845161291305e+05 5.496000000000000000e+03
4.722900000000000000e+04 5.294181504516130080e+05 5.347000000000000000e+03
4.723000000000000000e+04 5.294340619354840601e+05 5.513000000000000000e+03
4.723100000000000000e+04 5.294490000000001164e+05 5.637000000000000000e+03
4.723200000000000000e+04 5.294639845161291305e+05 5.924000000000000000e+03
4.723300000000000000e+04 5.294791504516127752e+05 4.887000000000000000e+03
4.723400000000000000e+04 5.294950619354838273e+05 4.592000000000000000e+03
4.723500000000000000e+04 5.295099999999998836e+05 5.105000000000000000e+03
4.723600000000000000e+04 5.295249999999998836e+05 5.029000000000000000e+03
4.723700000000000000e+04 5.295399845161288977e+05 4.778000000000000000e+03
4.723800000000000000e+04 5.295551504516127752e+05 4.980000000000000000e+03
4.723900000000000000e+04 5.295710619354838273e+05 4.860000000000000000e+03
4.724000000000000000e+04 5.295860000000001164e+05 4.571000000000000000e+03
4.724100000000000000e+04 5.296009845161291305e+05 4.109000000000000000e+03
4.724200000000000000e+04 5.296161504516130080e+05 4.505000000000000000e+03
4.724300000000000000e+04 5.296320619354840601e+05 4.907000000000000000e+03
