# Index 	 Time 	 Data
8.436000000000000000e+03 8.645821544827584876e+04 1.257000000000000000e+04
8.437000000000000000e+03 8.647219999999999709e+04 1.187400000000000000e+04
8.438000000000000000e+03 8.648613820689656131e+04 1.110000000000000000e+04
8.439000000000000000e+03 8.650104965517240635e+04 1.037900000000000000e+04
8.440000000000000000e+03 8.651521544827587786e+04 1.212400000000000000e+04
8.441000000000000000e+03 8.652913820689656131e+04 9.755000000000000000e+03
8.442000000000000000e+03 8.654404965517240635e+04 1.006600000000000000e+04
8.443000000000000000e+03 8.655821544827587786e+04 1.470700000000000000e+04
8.444000000000000000e+03 8.657213820689656131e+04 2.091400000000000000e+04
8.445000000000000000e+03 8.658704965517240635e+04 1.402800000000000000e+04
8.446000000000000000e+03 8.660121544827587786e+04 1.807000000000000000e+04
8.447000000000000000e+03 8.661520000000001164e+04 1.532900000000000000e+04
8.448000000000000000e+03 8.662913820689656131e+04 1.448200000000000000e+04
8.449000000000000000e+03 8.664404965517242090e+04 5.438000000000000000e+03
8.450000000000000000e+03 8.665821544827584876e+04 9.410000000000000000e+03
8.451000000000000000e+03 8.667213820689656131e+04 8.465000000000000000e+03
8.452000000000000000e+03 8.668704965517242090e+04 6.945000000000000000e+03
8.453000000000000000e+03 8.670121544827584876e+04 1.025700000000000000e+04
8.454000000000000000e+03 8.671519999999999709e+04 1.423300000000000000e+04
8.455000000000000000e+03 8.672913820689656131e+04 1.558600000000000000e+04
8.456000000000000000e+03 8.674404965517240635e+04 1.336200000000000000e+04
8.457000000000000000e+03 8.675821544827587786e+04 1.547500000000000000e+04
8.458000000000000000e+03 8.677213820689656131e+04 1.222900000000000000e+04
8.459000000000000000e+03 8.678704965517240635e+04 1.441000000000000000e+04
8.460000000000000000e+03 8.680121544827587786e+04 1.223000000000000000e+04
8.461000000000000000e+03 8.681513820689653221e+04 1.911500000000000000e+04
8.462000000000000000e+03 8.683004965517242090e+04 8.007000000000000000e+03
8.463000000000000000e+03 8.684421544827586331e+04 1.333200000000000000e+04
8.464000000000000000e+03 8.685819999999998254e+04 1.677600000000000000e+04
8.465000000000000000e+03 8.687213820689656131e+04 1.746400000000000000e+04
8.466000000000000000e+03 8.688704965517242090e+04 1.673400000000000000e+04
8.467000000000000000e+03 8.690121544827584876e+04 1.995000000000000000e+04
8.468000000000000000e+03 8.691513820689656131e+04 1.967400000000000000e+04
8.469000000000000000e+03 8.693004965517242090e+04 1.914700000000000000e+04
8.470000000000000000e+03 8.694421544827584876e+04 1.814000000000000000e+04
8.471000000000000000e+03 8.695819999999999709e+04 1.407300000000000000e+04
8.472000000000000000e+03 8.697213820689654676e+04 1.204200000000000000e+04
8.473000000000000000e+03 8.698704965517242090e+04 1.430100000000000000e+04
8.474000000000000000e+03 8.700121544827586331e+04 1.262100000000000000e+04
8.475000000000000000e+03 8.701513820689653221e+04 1.478800000000000000e+04
8.476000000000000000e+03 8.703004965517242090e+04 1.544700000000000000e+04
8.477000000000000000e+03 8.704421544827586331e+04 1.303300000000000000e+04
8.478000000000000000e+03 8.705813820689653221e+04 1.658300000000000000e+04
8.479000000000000000e+03 8.707304965517242090e+04 1.496600000000000000e+04
8.480000000000000000e+03 8.708721544827586331e+04 1.686000000000000000e+04
8.481000000000000000e+03 8.710119999999998254e+04 1.472200000000000000e+04
8.482000000000000000e+03 8.711513820689656131e+04 1.444900000000000000e+04
8.483000000000000000e+03 8.713004965517242090e+04 1.735900000000000000e+04
8.484000000000000000e+03 8.714421544827584876e+04 1.836500000000000000e+04
8.485000000000000000e+03 8.715813820689656131e+04 1.157000000000000000e+04
8.486000000000000000e+03 8.717304965517240635e+04 9.428000000000000000e+03
8.487000000000000000e+03 8.718721544827587786e+04 1.677100000000000000e+04
8.488000000000000000e+03 8.720119999999999709e+04 1.446000000000000000e+04
8.489000000000000000e+03 8.721513820689653221e+04 1.802100000000000000e+04
8.490000000000000000e+03 8.723004965517242090e+04 1.431700000000000000e+04
8.491000000000000000e+03 8.724421544827586331e+04 1.395100000000000000e+04
8.492000000000000000e+03 8.725813820689653221e+04 1.546200000000000000e+04
8.493000000000000000e+03 8.727304965517242090e+04 1.857600000000000000e+04
8.494000000000000000e+03 8.728721544827586331e+04 1.780400000000000000e+04
8.495000000000000000e+03 8.730113820689653221e+04 1.561800000000000000e+04
8.496000000000000000e+03 8.731604965517242090e+04 1.610400000000000000e+04
8.497000000000000000e+03 8.733021544827586331e+04 1.670400000000000000e+04
8.498000000000000000e+03 8.734413820689656131e+04 1.248000000000000000e+04
8.499000000000000000e+03 8.735898344827587425e+04 1.675300000000000000e+04
8.500000000000000000e+03 8.737406620689653209e+04 1.906200000000000000e+04
8.501000000000000000e+03 8.738815365517241298e+04 1.890400000000000000e+04
8.502000000000000000e+03 8.740304965517242090e+04 1.246200000000000000e+04
8.503000000000000000e+03 8.741715365517239843e+04 1.614400000000000000e+04
8.504000000000000000e+03 8.743204965517242090e+04 1.586800000000000000e+04
8.505000000000000000e+03 8.744615365517241298e+04 1.463800000000000000e+04
8.506000000000000000e+03 8.746098344827584515e+04 1.560600000000000000e+04
8.507000000000000000e+03 8.747606620689656120e+04 1.324900000000000000e+04
8.508000000000000000e+03 8.749015365517241298e+04 1.384400000000000000e+04
8.509000000000000000e+03 8.750504965517240635e+04 2.003200000000000000e+04
8.510000000000000000e+03 8.751915365517241298e+04 2.035200000000000000e+04
8.511000000000000000e+03 8.753404965517240635e+04 1.339000000000000000e+04
8.512000000000000000e+03 8.754815365517241298e+04 1.939300000000000000e+04
8.513000000000000000e+03 8.756298344827587425e+04 1.446200000000000000e+04
8.514000000000000000e+03 8.757806620689653209e+04 1.650600000000000000e+04
8.515000000000000000e+03 8.759215365517241298e+04 1.238400000000000000e+04
8.516000000000000000e+03 8.760704965517242090e+04 1.808200000000000000e+04
8.517000000000000000e+03 8.762115365517239843e+04 1.732900000000000000e+04
8.518000000000000000e+03 8.763604965517242090e+04 1.544200000000000000e+04
8.519000000000000000e+03 8.765015365517241298e+04 1.724100000000000000e+04
8.520000000000000000e+03 8.766504965517240635e+04 1.144900000000000000e+04
8.521000000000000000e+03 8.767915365517241298e+04 1.805300000000000000e+04
8.522000000000000000e+03 8.769398344827585970e+04 1.501900000000000000e+04
8.523000000000000000e+03 8.770906620689656120e+04 1.360500000000000000e+04
8.524000000000000000e+03 8.772315365517241298e+04 1.394800000000000000e+04
8.525000000000000000e+03 8.773804965517240635e+04 1.717300000000000000e+04
8.526000000000000000e+03 8.775215365517241298e+04 2.116200000000000000e+04
8.527000000000000000e+03 8.776704965517242090e+04 1.761500000000000000e+04
8.528000000000000000e+03 8.778115365517239843e+04 1.426800000000000000e+04
8.529000000000000000e+03 8.779598344827587425e+04 1.677200000000000000e+04
8.530000000000000000e+03 8.781106620689656120e+04 1.582600000000000000e+04
8.531000000000000000e+03 8.782515365517239843e+04 1.153400000000000000e+04
8.532000000000000000e+03 8.784004965517242090e+04 1.050900000000000000e+04
8.533000000000000000e+03 8.785415365517241298e+04 1.926500000000000000e+04
8.534000000000000000e+03 8.786904965517240635e+04 1.754100000000000000e+04
8.535000000000000000e+03 8.788315365517241298e+04 1.981500000000000000e+04
8.536000000000000000e+03 8.789798344827584515e+04 1.837200000000000000e+04
8.537000000000000000e+03 8.791306620689656120e+04 1.597400000000000000e+04
8.538000000000000000e+03 8.792715365517241298e+04 1.375300000000000000e+04
8.539000000000000000e+03 8.794204965517240635e+04 2.069700000000000000e+04
8.540000000000000000e+03 8.795615365517241298e+04 1.492600000000000000e+04
8.541000000000000000e+03 8.797104965517242090e+04 2.055200000000000000e+04
8.542000000000000000e+03 8.798515365517239843e+04 1.182500000000000000e+04
8.543000000000000000e+03 8.799998344827587425e+04 1.153100000000000000e+04
8.544000000000000000e+03 8.801506620689656120e+04 1.351900000000000000e+04
8.545000000000000000e+03 8.802915365517239843e+04 1.254800000000000000e+04
8.546000000000000000e+03 8.804404965517242090e+04 1.864200000000000000e+04
8.547000000000000000e+03 8.805815365517242753e+04 1.459900000000000000e+04
8.548000000000000000e+03 8.807304965517242090e+04 1.506100000000000000e+04
8.549000000000000000e+03 8.808715365517241298e+04 1.489900000000000000e+04
8.550000000000000000e+03 8.810198344827584515e+04 1.659600000000000000e+04
8.551000000000000000e+03 8.811706620689656120e+04 1.593200000000000000e+04
8.552000000000000000e+03 8.813115365517241298e+04 1.533900000000000000e+04
8.553000000000000000e+03 8.814604965517240635e+04 1.463300000000000000e+04
8.554000000000000000e+03 8.816015365517241298e+04 1.530900000000000000e+04
8.555000000000000000e+03 8.817504965517242090e+04 1.419300000000000000e+04
8.556000000000000000e+03 8.818915365517239843e+04 1.395100000000000000e+04
8.557000000000000000e+03 8.820398344827587425e+04 1.769300000000000000e+04
8.558000000000000000e+03 8.821906620689656120e+04 6.704000000000000000e+03
8.559000000000000000e+03 8.823315365517239843e+04 1.615900000000000000e+04
8.560000000000000000e+03 8.824804965517242090e+04 1.810300000000000000e+04
8.561000000000000000e+03 8.826215365517239843e+04 1.649600000000000000e+04
8.562000000000000000e+03 8.827704965517242090e+04 9.612000000000000000e+03
8.563000000000000000e+03 8.829115365517241298e+04 1.276900000000000000e+04
8.564000000000000000e+03 8.830604965517240635e+04 1.678400000000000000e+04
8.565000000000000000e+03 8.832015365517241298e+04 1.903600000000000000e+04
8.566000000000000000e+03 8.833504965517242090e+04 1.031900000000000000e+04
8.567000000000000000e+03 8.834915365517239843e+04 1.825900000000000000e+04
8.568000000000000000e+03 8.836404965517242090e+04 1.447000000000000000e+04
8.569000000000000000e+03 8.837815365517241298e+04 1.521400000000000000e+04
8.570000000000000000e+03 8.839304965517240635e+04 1.363800000000000000e+04
8.571000000000000000e+03 8.840715365517241298e+04 8.809000000000000000e+03
8.572000000000000000e+03 8.842204965517242090e+04 1.072000000000000000e+04
8.573000000000000000e+03 8.843615365517241298e+04 1.495800000000000000e+04
8.574000000000000000e+03 8.845104965517242090e+04 1.036900000000000000e+04
8.575000000000000000e+03 8.846521544827584876e+04 1.488600000000000000e+04
8.576000000000000000e+03 8.847913820689656131e+04 1.804600000000000000e+04
8.577000000000000000e+03 8.849404965517242090e+04 1.477700000000000000e+04
8.578000000000000000e+03 8.850815365517239843e+04 1.462400000000000000e+04
8.579000000000000000e+03 8.852304965517242090e+04 1.328800000000000000e+04
8.580000000000000000e+03 8.853715365517241298e+04 1.793100000000000000e+04
8.581000000000000000e+03 8.855204965517240635e+04 1.144200000000000000e+04
8.582000000000000000e+03 8.856615365517241298e+04 1.059400000000000000e+04
8.583000000000000000e+03 8.858104965517242090e+04 5.969000000000000000e+03
8.584000000000000000e+03 8.859521544827584876e+04 8.739000000000000000e+03
8.585000000000000000e+03 8.860913820689656131e+04 1.743200000000000000e+04
8.586000000000000000e+03 8.862404965517240635e+04 1.523900000000000000e+04
8.587000000000000000e+03 8.863815365517241298e+04 1.899600000000000000e+04
8.588000000000000000e+03 8.865304965517242090e+04 1.944200000000000000e+04
8.589000000000000000e+03 8.866715365517239843e+04 1.008100000000000000e+04
8.590000000000000000e+03 8.868204965517242090e+04 1.849800000000000000e+04
8.591000000000000000e+03 8.869615365517241298e+04 1.465600000000000000e+04
8.592000000000000000e+03 8.871104965517240635e+04 1.435500000000000000e+04
8.593000000000000000e+03 8.872521544827587786e+04 2.030700000000000000e+04
8.594000000000000000e+03 8.873913820689656131e+04 1.402900000000000000e+04
8.595000000000000000e+03 8.875404965517240635e+04 2.111400000000000000e+04
8.596000000000000000e+03 8.876815365517241298e+04 1.486500000000000000e+04
8.597000000000000000e+03 8.878304965517242090e+04 1.674600000000000000e+04
8.598000000000000000e+03 8.879715365517241298e+04 1.409500000000000000e+04
8.599000000000000000e+03 8.881204965517242090e+04 1.330200000000000000e+04
8.600000000000000000e+03 8.882615365517239843e+04 1.273800000000000000e+04
8.601000000000000000e+03 8.884104965517242090e+04 1.331900000000000000e+04
8.602000000000000000e+03 8.885515365517241298e+04 1.314300000000000000e+04
8.603000000000000000e+03 8.887004965517240635e+04 1.830000000000000000e+04
8.604000000000000000e+03 8.888421544827587786e+04 2.068600000000000000e+04
8.605000000000000000e+03 8.889813820689656131e+04 1.946400000000000000e+04
8.606000000000000000e+03 8.891304965517240635e+04 1.520000000000000000e+04
8.607000000000000000e+03 8.892715365517241298e+04 1.348800000000000000e+04
8.608000000000000000e+03 8.894204965517242090e+04 1.152300000000000000e+04
8.609000000000000000e+03 8.895615365517239843e+04 1.181900000000000000e+04
8.610000000000000000e+03 8.897104965517242090e+04 1.408500000000000000e+04
8.611000000000000000e+03 8.898515365517239843e+04 1.471700000000000000e+04
8.612000000000000000e+03 8.900004965517242090e+04 1.384500000000000000e+04
8.613000000000000000e+03 8.901421544827586331e+04 1.560600000000000000e+04
8.614000000000000000e+03 8.902813820689653221e+04 1.767700000000000000e+04
