# Index 	 Time 	 Data
4.366400000000000000e+04 4.724597834838709095e+05 3.195000000000000000e+03
4.366500000000000000e+04 4.724757999999999884e+05 3.232000000000000000e+03
4.366600000000000000e+04 4.724918660645161290e+05 3.386000000000000000e+03
4.366700000000000000e+04 4.725069535483871005e+05 3.305000000000000000e+03
4.366800000000000000e+04 4.725227834838710260e+05 3.638000000000000000e+03
4.366900000000000000e+04 4.725388660645161872e+05 3.667000000000000000e+03
4.367000000000000000e+04 4.725539535483871005e+05 3.487000000000000000e+03
4.367100000000000000e+04 4.725697834838709678e+05 3.359000000000000000e+03
4.367200000000000000e+04 4.725857999999999884e+05 3.515000000000000000e+03
4.367300000000000000e+04 4.726018660645161290e+05 3.341000000000000000e+03
4.367400000000000000e+04 4.726169535483871587e+05 3.531000000000000000e+03
4.367500000000000000e+04 4.726327834838710260e+05 3.616000000000000000e+03
4.367600000000000000e+04 4.726487999999999884e+05 3.308000000000000000e+03
4.367700000000000000e+04 4.726648660645161290e+05 3.178000000000000000e+03
4.367800000000000000e+04 4.726799535483871005e+05 3.248000000000000000e+03
4.367900000000000000e+04 4.726957834838709678e+05 3.346000000000000000e+03
4.368000000000000000e+04 4.727117999999999884e+05 3.272000000000000000e+03
4.368100000000000000e+04 4.727278660645161872e+05 3.410000000000000000e+03
4.368200000000000000e+04 4.727429535483871005e+05 3.421000000000000000e+03
4.368300000000000000e+04 4.727588495483870502e+05 4.131000000000000000e+03
4.368400000000000000e+04 4.727739535483871005e+05 3.486000000000000000e+03
4.368500000000000000e+04 4.727897834838709678e+05 3.474000000000000000e+03
4.368600000000000000e+04 4.728058660645161290e+05 3.482000000000000000e+03
4.368700000000000000e+04 4.728209535483871587e+05 3.330000000000000000e+03
4.368800000000000000e+04 4.728368495483871084e+05 3.412000000000000000e+03
4.368900000000000000e+04 4.728519535483871005e+05 3.272000000000000000e+03
4.369000000000000000e+04 4.728678495483871084e+05 3.237000000000000000e+03
4.369100000000000000e+04 4.728829535483871005e+05 3.210000000000000000e+03
4.369200000000000000e+04 4.728988495483871084e+05 3.353000000000000000e+03
4.369300000000000000e+04 4.729139535483871587e+05 3.449000000000000000e+03
4.369400000000000000e+04 4.729298495483871084e+05 3.362000000000000000e+03
4.369500000000000000e+04 4.729449535483871005e+05 3.549000000000000000e+03
4.369600000000000000e+04 4.729608495483871084e+05 3.221000000000000000e+03
4.369700000000000000e+04 4.729759535483871005e+05 3.502000000000000000e+03
4.369800000000000000e+04 4.729918495483871084e+05 3.437000000000000000e+03
4.369900000000000000e+04 4.730069535483871587e+05 3.505000000000000000e+03
4.370000000000000000e+04 4.730228495483871084e+05 3.253000000000000000e+03
4.370100000000000000e+04 4.730379535483871005e+05 3.511000000000000000e+03
4.370200000000000000e+04 4.730538495483871084e+05 3.300000000000000000e+03
4.370300000000000000e+04 4.730689535483871005e+05 3.545000000000000000e+03
4.370400000000000000e+04 4.730848495483871084e+05 3.310000000000000000e+03
4.370500000000000000e+04 4.730999535483871005e+05 3.454000000000000000e+03
4.370600000000000000e+04 4.731158495483871666e+05 3.223000000000000000e+03
4.370700000000000000e+04 4.731309535483871005e+05 3.623000000000000000e+03
4.370800000000000000e+04 4.731468495483870502e+05 3.459000000000000000e+03
4.370900000000000000e+04 4.731619535483871005e+05 3.522000000000000000e+03
4.371000000000000000e+04 4.731778495483871084e+05 3.415000000000000000e+03
4.371100000000000000e+04 4.731929535483871005e+05 3.466000000000000000e+03
4.371200000000000000e+04 4.732088495483871666e+05 3.529000000000000000e+03
4.371300000000000000e+04 4.732239535483871005e+05 3.498000000000000000e+03
4.371400000000000000e+04 4.732398495483870502e+05 3.303000000000000000e+03
4.371500000000000000e+04 4.732549535483871005e+05 3.215000000000000000e+03
4.371600000000000000e+04 4.732708495483871084e+05 3.309000000000000000e+03
4.371700000000000000e+04 4.732859535483871005e+05 3.712000000000000000e+03
4.371800000000000000e+04 4.733018495483871666e+05 3.362000000000000000e+03
4.371900000000000000e+04 4.733169535483871005e+05 3.391000000000000000e+03
4.372000000000000000e+04 4.733328495483870502e+05 3.237000000000000000e+03
4.372100000000000000e+04 4.733479535483871005e+05 3.487000000000000000e+03
4.372200000000000000e+04 4.733637834838709678e+05 3.395000000000000000e+03
4.372300000000000000e+04 4.733798660645161290e+05 3.518000000000000000e+03
4.372400000000000000e+04 4.733949535483871587e+05 3.698000000000000000e+03
4.372500000000000000e+04 4.734108495483871084e+05 3.398000000000000000e+03
4.372600000000000000e+04 4.734259535483871005e+05 3.384000000000000000e+03
4.372700000000000000e+04 4.734418495483871084e+05 3.569000000000000000e+03
4.372800000000000000e+04 4.734569535483871005e+05 3.551000000000000000e+03
4.372900000000000000e+04 4.734728495483871084e+05 3.435000000000000000e+03
4.373000000000000000e+04 4.734879535483871005e+05 3.600000000000000000e+03
4.373100000000000000e+04 4.735038495483871666e+05 3.532000000000000000e+03
4.373200000000000000e+04 4.735189535483871005e+05 3.475000000000000000e+03
4.373300000000000000e+04 4.735348495483870502e+05 3.461000000000000000e+03
4.373400000000000000e+04 4.735499535483871005e+05 3.497000000000000000e+03
4.373500000000000000e+04 4.735658495483871084e+05 3.538000000000000000e+03
4.373600000000000000e+04 4.735809535483871005e+05 3.661000000000000000e+03
4.373700000000000000e+04 4.735968495483871666e+05 3.363000000000000000e+03
4.373800000000000000e+04 4.736119535483871005e+05 3.551000000000000000e+03
4.373900000000000000e+04 4.736278495483870502e+05 3.505000000000000000e+03
4.374000000000000000e+04 4.736429535483871005e+05 3.401000000000000000e+03
4.374100000000000000e+04 4.736588495483871084e+05 3.356000000000000000e+03
4.374200000000000000e+04 4.736739535483871005e+05 3.724000000000000000e+03
4.374300000000000000e+04 4.736898495483871666e+05 3.299000000000000000e+03
4.374400000000000000e+04 4.737049535483871005e+05 3.446000000000000000e+03
4.374500000000000000e+04 4.737208495483870502e+05 3.463000000000000000e+03
4.374600000000000000e+04 4.737359535483871005e+05 3.162000000000000000e+03
4.374700000000000000e+04 4.737518495483871084e+05 3.463000000000000000e+03
4.374800000000000000e+04 4.737669535483871005e+05 3.645000000000000000e+03
4.374900000000000000e+04 4.737828495483871666e+05 3.401000000000000000e+03
4.375000000000000000e+04 4.737980154838709859e+05 3.596000000000000000e+03
4.375100000000000000e+04 4.738130000000000000e+05 3.656000000000000000e+03
4.375200000000000000e+04 4.738279380645161145e+05 3.508000000000000000e+03
4.375300000000000000e+04 4.738438495483871084e+05 3.288000000000000000e+03
4.375400000000000000e+04 4.738590154838709859e+05 3.194000000000000000e+03
4.375500000000000000e+04 4.738739380645161145e+05 3.290000000000000000e+03
4.375600000000000000e+04 4.738898495483871666e+05 3.290000000000000000e+03
4.375700000000000000e+04 4.739050154838709859e+05 3.622000000000000000e+03
4.375800000000000000e+04 4.739200000000000000e+05 3.418000000000000000e+03
4.375900000000000000e+04 4.739349380645161145e+05 3.115000000000000000e+03
4.376000000000000000e+04 4.739508495483871084e+05 3.265000000000000000e+03
4.376100000000000000e+04 4.739660154838709859e+05 3.528000000000000000e+03
4.376200000000000000e+04 4.739810000000000582e+05 3.457000000000000000e+03
4.376300000000000000e+04 4.739959380645161727e+05 3.437000000000000000e+03
4.376400000000000000e+04 4.740118495483870502e+05 3.434000000000000000e+03
4.376500000000000000e+04 4.740270154838709859e+05 3.400000000000000000e+03
4.376600000000000000e+04 4.740420000000000000e+05 3.397000000000000000e+03
4.376700000000000000e+04 4.740569380645161145e+05 3.247000000000000000e+03
4.376800000000000000e+04 4.740728495483871666e+05 3.377000000000000000e+03
4.376900000000000000e+04 4.740880154838709859e+05 3.602000000000000000e+03
4.377000000000000000e+04 4.741030000000000000e+05 3.362000000000000000e+03
4.377100000000000000e+04 4.741179380645161145e+05 3.779000000000000000e+03
4.377200000000000000e+04 4.741338495483871084e+05 3.361000000000000000e+03
4.377300000000000000e+04 4.741490154838709859e+05 3.556000000000000000e+03
4.377400000000000000e+04 4.741640000000000582e+05 3.429000000000000000e+03
4.377500000000000000e+04 4.741789380645161727e+05 3.105000000000000000e+03
4.377600000000000000e+04 4.741948495483870502e+05 3.247000000000000000e+03
4.377700000000000000e+04 4.742100154838709859e+05 3.548000000000000000e+03
4.377800000000000000e+04 4.742250000000000000e+05 3.511000000000000000e+03
4.377900000000000000e+04 4.742399380645161145e+05 3.490000000000000000e+03
4.378000000000000000e+04 4.742558495483871084e+05 3.704000000000000000e+03
4.378100000000000000e+04 4.742710154838710441e+05 3.331000000000000000e+03
4.378200000000000000e+04 4.742860000000000582e+05 3.697000000000000000e+03
4.378300000000000000e+04 4.743009380645161145e+05 4.382000000000000000e+03
4.378400000000000000e+04 4.743168495483871084e+05 4.395000000000000000e+03
4.378500000000000000e+04 4.743320154838709859e+05 3.564000000000000000e+03
4.378600000000000000e+04 4.743470000000000000e+05 3.480000000000000000e+03
4.378700000000000000e+04 4.743619380645162310e+05 3.495000000000000000e+03
4.378800000000000000e+04 4.743778495483871084e+05 3.604000000000000000e+03
4.378900000000000000e+04 4.743930154838709277e+05 3.522000000000000000e+03
4.379000000000000000e+04 4.744079380645161145e+05 3.359000000000000000e+03
4.379100000000000000e+04 4.744238495483871084e+05 3.874000000000000000e+03
4.379200000000000000e+04 4.744390154838709859e+05 5.296000000000000000e+03
4.379300000000000000e+04 4.744540000000000582e+05 4.029000000000000000e+03
4.379400000000000000e+04 4.744689380645161727e+05 7.541000000000000000e+03
4.379500000000000000e+04 4.744848495483870502e+05 9.179000000000000000e+03
4.379600000000000000e+04 4.745000154838709859e+05 1.173200000000000000e+04
4.379700000000000000e+04 4.745150000000000000e+05 1.158600000000000000e+04
4.379800000000000000e+04 4.745299380645161145e+05 1.136900000000000000e+04
4.379900000000000000e+04 4.745458495483871666e+05 7.057000000000000000e+03
4.380000000000000000e+04 4.745610154838709859e+05 4.573000000000000000e+03
4.380100000000000000e+04 4.745760000000000000e+05 7.029000000000000000e+03
4.380200000000000000e+04 4.745909380645161145e+05 6.367000000000000000e+03
4.380300000000000000e+04 4.746068495483871084e+05 4.049000000000000000e+03
4.380400000000000000e+04 4.746220154838709859e+05 3.395000000000000000e+03
4.380500000000000000e+04 4.746370000000000000e+05 3.609000000000000000e+03
4.380600000000000000e+04 4.746519380645162310e+05 3.546000000000000000e+03
4.380700000000000000e+04 4.746678495483871084e+05 3.599000000000000000e+03
4.380800000000000000e+04 4.746830154838709277e+05 4.086000000000000000e+03
4.380900000000000000e+04 4.746980000000000000e+05 3.731000000000000000e+03
4.381000000000000000e+04 4.747129380645161145e+05 3.544000000000000000e+03
4.381100000000000000e+04 4.747288495483871084e+05 3.293000000000000000e+03
4.381200000000000000e+04 4.747440154838710441e+05 3.449000000000000000e+03
4.381300000000000000e+04 4.747590000000000582e+05 3.399000000000000000e+03
4.381400000000000000e+04 4.747739380645161145e+05 3.406000000000000000e+03
4.381500000000000000e+04 4.747898495483871084e+05 3.632000000000000000e+03
4.381600000000000000e+04 4.748049535483871005e+05 4.076000000000000000e+03
4.381700000000000000e+04 4.748208495483871084e+05 4.407000000000000000e+03
4.381800000000000000e+04 4.748359535483871587e+05 3.943000000000000000e+03
4.381900000000000000e+04 4.748518495483871084e+05 3.846000000000000000e+03
4.382000000000000000e+04 4.748669535483871005e+05 3.745000000000000000e+03
4.382100000000000000e+04 4.748828495483871084e+05 4.105000000000000000e+03
4.382200000000000000e+04 4.748979535483871005e+05 4.970000000000000000e+03
4.382300000000000000e+04 4.749138495483871084e+05 3.404000000000000000e+03
4.382400000000000000e+04 4.749289535483871587e+05 3.715000000000000000e+03
4.382500000000000000e+04 4.749448495483871084e+05 4.117000000000000000e+03
4.382600000000000000e+04 4.749599535483871005e+05 3.720000000000000000e+03
4.382700000000000000e+04 4.749758495483871084e+05 4.699000000000000000e+03
4.382800000000000000e+04 4.749909535483871005e+05 3.731000000000000000e+03
4.382900000000000000e+04 4.750068495483871084e+05 3.581000000000000000e+03
4.383000000000000000e+04 4.750219535483871005e+05 4.588000000000000000e+03
4.383100000000000000e+04 4.750378495483871666e+05 3.948000000000000000e+03
4.383200000000000000e+04 4.750529535483871005e+05 4.009000000000000000e+03
4.383300000000000000e+04 4.750688495483870502e+05 3.880000000000000000e+03
4.383400000000000000e+04 4.750839535483871005e+05 3.805000000000000000e+03
4.383500000000000000e+04 4.750998495483871084e+05 4.716000000000000000e+03
4.383600000000000000e+04 4.751149535483871005e+05 4.012000000000000000e+03
4.383700000000000000e+04 4.751308495483871666e+05 4.626000000000000000e+03
4.383800000000000000e+04 4.751459535483871005e+05 4.127000000000000000e+03
4.383900000000000000e+04 4.751618495483870502e+05 3.951000000000000000e+03
4.384000000000000000e+04 4.751769535483871005e+05 3.800000000000000000e+03
4.384100000000000000e+04 4.751928495483871084e+05 3.554000000000000000e+03
4.384200000000000000e+04 4.752079535483871005e+05 3.535000000000000000e+03
4.384300000000000000e+04 4.752238495483871666e+05 3.757000000000000000e+03
4.384400000000000000e+04 4.752389535483871005e+05 4.036000000000000000e+03
4.384500000000000000e+04 4.752548495483870502e+05 3.926000000000000000e+03
4.384600000000000000e+04 4.752699535483871005e+05 3.794000000000000000e+03
4.384700000000000000e+04 4.752858495483871084e+05 3.915000000000000000e+03
4.384800000000000000e+04 4.753009535483871005e+05 4.319000000000000000e+03
4.384900000000000000e+04 4.753168495483871666e+05 4.022000000000000000e+03
4.385000000000000000e+04 4.753319535483871005e+05 4.163000000000000000e+03
