# Index 	 Time 	 Data
4.800800000000000000e+04 5.418399999999998836e+05 4.903000000000000000e+03
4.800900000000000000e+04 5.418549999999998836e+05 4.816000000000000000e+03
4.801000000000000000e+04 5.418699999999998836e+05 5.137000000000000000e+03
4.801100000000000000e+04 5.418849999999998836e+05 5.520000000000000000e+03
4.801200000000000000e+04 5.418999999999998836e+05 5.045000000000000000e+03
4.801300000000000000e+04 5.419149999999998836e+05 5.203000000000000000e+03
4.801400000000000000e+04 5.419300000000001164e+05 5.332000000000000000e+03
4.801500000000000000e+04 5.419450000000001164e+05 5.093000000000000000e+03
4.801600000000000000e+04 5.419599845161291305e+05 4.493000000000000000e+03
4.801700000000000000e+04 5.419751504516130080e+05 4.241000000000000000e+03
4.801800000000000000e+04 5.419910619354840601e+05 4.437000000000000000e+03
4.801900000000000000e+04 5.420059845161290141e+05 3.843000000000000000e+03
4.802000000000000000e+04 5.420211504516127752e+05 4.160000000000000000e+03
4.802100000000000000e+04 5.420370464516127249e+05 4.369000000000000000e+03
4.802200000000000000e+04 5.420521504516127752e+05 4.101000000000000000e+03
4.802300000000000000e+04 5.420680619354838273e+05 3.940000000000000000e+03
4.802400000000000000e+04 5.420829845161288977e+05 4.641000000000000000e+03
4.802500000000000000e+04 5.420981504516127752e+05 4.667000000000000000e+03
4.802600000000000000e+04 5.421140619354838273e+05 4.288000000000000000e+03
4.802700000000000000e+04 5.421289845161291305e+05 4.452000000000000000e+03
4.802800000000000000e+04 5.421441504516130080e+05 4.435000000000000000e+03
4.802900000000000000e+04 5.421600464516129578e+05 4.482000000000000000e+03
4.803000000000000000e+04 5.421751504516130080e+05 4.015000000000000000e+03
4.803100000000000000e+04 5.421910619354840601e+05 4.292000000000000000e+03
4.803200000000000000e+04 5.422059845161290141e+05 4.149000000000000000e+03
4.803300000000000000e+04 5.422211504516127752e+05 4.026000000000000000e+03
4.803400000000000000e+04 5.422370619354838273e+05 4.206000000000000000e+03
4.803500000000000000e+04 5.422519845161288977e+05 3.813000000000000000e+03
4.803600000000000000e+04 5.422671504516127752e+05 4.626000000000000000e+03
4.803700000000000000e+04 5.422830464516127249e+05 6.093000000000000000e+03
4.803800000000000000e+04 5.422981504516127752e+05 3.829000000000000000e+03
4.803900000000000000e+04 5.423140619354840601e+05 3.860000000000000000e+03
4.804000000000000000e+04 5.423289845161291305e+05 4.761000000000000000e+03
4.804100000000000000e+04 5.423441504516130080e+05 6.595000000000000000e+03
4.804200000000000000e+04 5.423600619354840601e+05 5.688000000000000000e+03
4.804300000000000000e+04 5.423749845161291305e+05 4.853000000000000000e+03
4.804400000000000000e+04 5.423901504516127752e+05 5.420000000000000000e+03
4.804500000000000000e+04 5.424060464516127249e+05 7.382000000000000000e+03
4.804600000000000000e+04 5.424211504516127752e+05 7.874000000000000000e+03
4.804700000000000000e+04 5.424370619354838273e+05 6.800000000000000000e+03
4.804800000000000000e+04 5.424519845161288977e+05 5.716000000000000000e+03
4.804900000000000000e+04 5.424671504516127752e+05 5.377000000000000000e+03
4.805000000000000000e+04 5.424830464516127249e+05 5.470000000000000000e+03
4.805100000000000000e+04 5.424981504516127752e+05 5.181000000000000000e+03
4.805200000000000000e+04 5.425140619354840601e+05 5.473000000000000000e+03
4.805300000000000000e+04 5.425289845161291305e+05 4.938000000000000000e+03
4.805400000000000000e+04 5.425441504516130080e+05 4.889000000000000000e+03
4.805500000000000000e+04 5.425600619354840601e+05 4.683000000000000000e+03
4.805600000000000000e+04 5.425749845161291305e+05 4.911000000000000000e+03
4.805700000000000000e+04 5.425901504516127752e+05 4.788000000000000000e+03
4.805800000000000000e+04 5.426060464516127249e+05 5.678000000000000000e+03
4.805900000000000000e+04 5.426211504516127752e+05 4.941000000000000000e+03
4.806000000000000000e+04 5.426370619354838273e+05 5.169000000000000000e+03
4.806100000000000000e+04 5.426519845161288977e+05 4.586000000000000000e+03
4.806200000000000000e+04 5.426671504516127752e+05 5.282000000000000000e+03
4.806300000000000000e+04 5.426830619354838273e+05 5.990000000000000000e+03
4.806400000000000000e+04 5.426979845161291305e+05 6.108000000000000000e+03
4.806500000000000000e+04 5.427131504516130080e+05 5.579000000000000000e+03
4.806600000000000000e+04 5.427290464516129578e+05 5.532000000000000000e+03
4.806700000000000000e+04 5.427441504516130080e+05 5.877000000000000000e+03
4.806800000000000000e+04 5.427600619354840601e+05 5.575000000000000000e+03
4.806900000000000000e+04 5.427749845161290141e+05 5.830000000000000000e+03
4.807000000000000000e+04 5.427901504516127752e+05 5.983000000000000000e+03
4.807100000000000000e+04 5.428060619354838273e+05 6.019000000000000000e+03
4.807200000000000000e+04 5.428209845161288977e+05 5.369000000000000000e+03
4.807300000000000000e+04 5.428361504516127752e+05 5.738000000000000000e+03
4.807400000000000000e+04 5.428520464516127249e+05 5.993000000000000000e+03
4.807500000000000000e+04 5.428671504516127752e+05 5.680000000000000000e+03
4.807600000000000000e+04 5.428830619354838273e+05 6.750000000000000000e+03
4.807700000000000000e+04 5.428979845161291305e+05 7.186000000000000000e+03
4.807800000000000000e+04 5.429131504516130080e+05 7.002000000000000000e+03
4.807900000000000000e+04 5.429290619354840601e+05 8.128000000000000000e+03
4.808000000000000000e+04 5.429439845161291305e+05 9.721000000000000000e+03
4.808100000000000000e+04 5.429591504516130080e+05 7.526000000000000000e+03
4.808200000000000000e+04 5.429750464516127249e+05 6.272000000000000000e+03
4.808300000000000000e+04 5.429901504516127752e+05 6.688000000000000000e+03
4.808400000000000000e+04 5.430060464516127249e+05 6.906000000000000000e+03
4.808500000000000000e+04 5.430211339354837546e+05 6.805000000000000000e+03
4.808600000000000000e+04 5.430372165161289740e+05 7.137000000000000000e+03
4.808700000000000000e+04 5.430530464516127249e+05 7.431000000000000000e+03
4.808800000000000000e+04 5.430681339354837546e+05 7.189000000000000000e+03
4.808900000000000000e+04 5.430842165161290905e+05 6.469000000000000000e+03
4.809000000000000000e+04 5.431000464516129578e+05 6.595000000000000000e+03
4.809100000000000000e+04 5.431151339354839874e+05 6.789000000000000000e+03
4.809200000000000000e+04 5.431312165161290905e+05 5.734000000000000000e+03
4.809300000000000000e+04 5.431470464516129578e+05 6.301000000000000000e+03
4.809400000000000000e+04 5.431621339354837546e+05 6.003000000000000000e+03
4.809500000000000000e+04 5.431782165161289740e+05 8.077000000000000000e+03
4.809600000000000000e+04 5.431940464516127249e+05 1.025800000000000000e+04
4.809700000000000000e+04 5.432091339354837546e+05 7.961000000000000000e+03
4.809800000000000000e+04 5.432252165161289740e+05 7.282000000000000000e+03
4.809900000000000000e+04 5.432410464516127249e+05 7.661000000000000000e+03
4.810000000000000000e+04 5.432561339354837546e+05 6.487000000000000000e+03
4.810100000000000000e+04 5.432722165161289740e+05 5.428000000000000000e+03
4.810200000000000000e+04 5.432880464516129578e+05 5.949000000000000000e+03
4.810300000000000000e+04 5.433031339354839874e+05 6.082000000000000000e+03
4.810400000000000000e+04 5.433192165161290905e+05 5.718000000000000000e+03
4.810500000000000000e+04 5.433350464516129578e+05 5.828000000000000000e+03
4.810600000000000000e+04 5.433501339354839874e+05 5.894000000000000000e+03
4.810700000000000000e+04 5.433662165161289740e+05 6.237000000000000000e+03
4.810800000000000000e+04 5.433820464516127249e+05 5.714000000000000000e+03
4.810900000000000000e+04 5.433971339354837546e+05 5.118000000000000000e+03
4.811000000000000000e+04 5.434132165161289740e+05 5.293000000000000000e+03
4.811100000000000000e+04 5.434290464516127249e+05 5.716000000000000000e+03
4.811200000000000000e+04 5.434441339354837546e+05 5.927000000000000000e+03
4.811300000000000000e+04 5.434602165161289740e+05 5.108000000000000000e+03
4.811400000000000000e+04 5.434760464516129578e+05 4.986000000000000000e+03
4.811500000000000000e+04 5.434911339354839874e+05 5.298000000000000000e+03
4.811600000000000000e+04 5.435072165161290905e+05 5.576000000000000000e+03
4.811700000000000000e+04 5.435230464516129578e+05 5.510000000000000000e+03
4.811800000000000000e+04 5.435381339354839874e+05 5.378000000000000000e+03
4.811900000000000000e+04 5.435542165161289740e+05 5.551000000000000000e+03
4.812000000000000000e+04 5.435700464516127249e+05 5.117000000000000000e+03
4.812100000000000000e+04 5.435851339354837546e+05 5.353000000000000000e+03
4.812200000000000000e+04 5.436012165161289740e+05 6.183000000000000000e+03
4.812300000000000000e+04 5.436170464516127249e+05 6.611000000000000000e+03
4.812400000000000000e+04 5.436321339354837546e+05 6.704000000000000000e+03
4.812500000000000000e+04 5.436482165161289740e+05 5.929000000000000000e+03
4.812600000000000000e+04 5.436640464516127249e+05 6.107000000000000000e+03
4.812700000000000000e+04 5.436791339354839874e+05 6.256000000000000000e+03
4.812800000000000000e+04 5.436952165161290905e+05 6.743000000000000000e+03
4.812900000000000000e+04 5.437110464516129578e+05 6.551000000000000000e+03
4.813000000000000000e+04 5.437261339354839874e+05 7.174000000000000000e+03
4.813100000000000000e+04 5.437422165161290905e+05 6.591000000000000000e+03
4.813200000000000000e+04 5.437580464516127249e+05 8.017000000000000000e+03
4.813300000000000000e+04 5.437731339354837546e+05 8.194000000000000000e+03
4.813400000000000000e+04 5.437892165161289740e+05 9.306000000000000000e+03
4.813500000000000000e+04 5.438050464516127249e+05 8.345000000000000000e+03
4.813600000000000000e+04 5.438201339354837546e+05 7.833000000000000000e+03
4.813700000000000000e+04 5.438362165161289740e+05 8.349000000000000000e+03
4.813800000000000000e+04 5.438520464516127249e+05 8.222000000000000000e+03
4.813900000000000000e+04 5.438671339354839874e+05 8.769000000000000000e+03
4.814000000000000000e+04 5.438832165161290905e+05 7.276000000000000000e+03
4.814100000000000000e+04 5.438990464516129578e+05 8.319000000000000000e+03
4.814200000000000000e+04 5.439141339354839874e+05 7.978000000000000000e+03
4.814300000000000000e+04 5.439302165161290905e+05 8.271000000000000000e+03
4.814400000000000000e+04 5.439460464516127249e+05 9.242000000000000000e+03
4.814500000000000000e+04 5.439611339354837546e+05 9.118000000000000000e+03
4.814600000000000000e+04 5.439772165161289740e+05 9.675000000000000000e+03
4.814700000000000000e+04 5.439930464516127249e+05 1.280900000000000000e+04
4.814800000000000000e+04 5.440081339354837546e+05 1.036800000000000000e+04
4.814900000000000000e+04 5.440242165161289740e+05 1.035300000000000000e+04
4.815000000000000000e+04 5.440400464516127249e+05 1.111300000000000000e+04
4.815100000000000000e+04 5.440551504516127752e+05 1.076800000000000000e+04
4.815200000000000000e+04 5.440710464516129578e+05 9.175000000000000000e+03
4.815300000000000000e+04 5.440861504516130080e+05 9.670000000000000000e+03
4.815400000000000000e+04 5.441020464516129578e+05 1.247900000000000000e+04
4.815500000000000000e+04 5.441171339354839874e+05 1.154200000000000000e+04
4.815600000000000000e+04 5.441332165161290905e+05 1.237100000000000000e+04
4.815700000000000000e+04 5.441490464516127249e+05 1.359500000000000000e+04
4.815800000000000000e+04 5.441641504516127752e+05 1.409800000000000000e+04
4.815900000000000000e+04 5.441800464516127249e+05 1.280600000000000000e+04
4.816000000000000000e+04 5.441951504516127752e+05 1.369700000000000000e+04
4.816100000000000000e+04 5.442110464516127249e+05 1.958000000000000000e+04
4.816200000000000000e+04 5.442261339354837546e+05 1.092900000000000000e+04
4.816300000000000000e+04 5.442422165161289740e+05 1.055900000000000000e+04
4.816400000000000000e+04 5.442580464516129578e+05 1.109100000000000000e+04
4.816500000000000000e+04 5.442731504516130080e+05 1.037000000000000000e+04
4.816600000000000000e+04 5.442890464516129578e+05 8.684000000000000000e+03
4.816700000000000000e+04 5.443041504516130080e+05 9.591000000000000000e+03
