# Index 	 Time 	 Data
3.033100000000000000e+04 3.363872677647058736e+05 1.205900000000000000e+04
3.033200000000000000e+04 3.363953548235294293e+05 1.333700000000000000e+04
3.033300000000000000e+04 3.364041830588235171e+05 1.185700000000000000e+04
3.033400000000000000e+04 3.364132000000000116e+05 1.079100000000000000e+04
3.033500000000000000e+04 3.364222000000000116e+05 1.139500000000000000e+04
3.033600000000000000e+04 3.364312000000000698e+05 1.128400000000000000e+04
3.033700000000000000e+04 3.364401999999999534e+05 1.518500000000000000e+04
3.033800000000000000e+04 3.364492000000000116e+05 1.324300000000000000e+04
3.033900000000000000e+04 3.364582677647059318e+05 1.148400000000000000e+04
3.034000000000000000e+04 3.364664150588235352e+05 1.078200000000000000e+04
3.034100000000000000e+04 3.364743397647058591e+05 1.029100000000000000e+04
3.034200000000000000e+04 3.364832508235293790e+05 1.091800000000000000e+04
3.034300000000000000e+04 3.364913548235294875e+05 1.092400000000000000e+04
3.034400000000000000e+04 3.365002508235293790e+05 1.025800000000000000e+04
3.034500000000000000e+04 3.365084150588235934e+05 1.080800000000000000e+04
3.034600000000000000e+04 3.365163397647058591e+05 4.314000000000000000e+03
3.034700000000000000e+04 3.365252508235293790e+05 2.557000000000000000e+03
3.034800000000000000e+04 3.365334150588235352e+05 2.304000000000000000e+03
3.034900000000000000e+04 3.365413397647059173e+05 2.630000000000000000e+03
3.035000000000000000e+04 3.365502508235293790e+05 3.472000000000000000e+03
3.035100000000000000e+04 3.365583548235294293e+05 3.159000000000000000e+03
3.035200000000000000e+04 3.365672508235293790e+05 2.976000000000000000e+03
3.035300000000000000e+04 3.365754150588235352e+05 3.297000000000000000e+03
3.035400000000000000e+04 3.365833397647058591e+05 3.140000000000000000e+03
3.035500000000000000e+04 3.365922508235294954e+05 2.848000000000000000e+03
3.035600000000000000e+04 3.366003548235293711e+05 2.771000000000000000e+03
3.035700000000000000e+04 3.366092508235294372e+05 2.628000000000000000e+03
3.035800000000000000e+04 3.366174150588235352e+05 2.472000000000000000e+03
3.035900000000000000e+04 3.366253397647058591e+05 2.703000000000000000e+03
3.036000000000000000e+04 3.366342508235293790e+05 2.417000000000000000e+03
3.036100000000000000e+04 3.366423548235294875e+05 2.505000000000000000e+03
3.036200000000000000e+04 3.366512508235293790e+05 2.552000000000000000e+03
3.036300000000000000e+04 3.366594150588235934e+05 2.755000000000000000e+03
3.036400000000000000e+04 3.366673397647058591e+05 2.960000000000000000e+03
3.036500000000000000e+04 3.366762508235293790e+05 2.806000000000000000e+03
3.036600000000000000e+04 3.366843548235294293e+05 2.961000000000000000e+03
3.036700000000000000e+04 3.366932508235293790e+05 3.219000000000000000e+03
3.036800000000000000e+04 3.367014150588235934e+05 3.245000000000000000e+03
3.036900000000000000e+04 3.367093397647058591e+05 3.070000000000000000e+03
3.037000000000000000e+04 3.367182508235294372e+05 3.138000000000000000e+03
3.037100000000000000e+04 3.367264150588235352e+05 2.923000000000000000e+03
3.037200000000000000e+04 3.367343397647058591e+05 3.103000000000000000e+03
3.037300000000000000e+04 3.367432508235293790e+05 3.066000000000000000e+03
3.037400000000000000e+04 3.367513548235294875e+05 2.990000000000000000e+03
3.037500000000000000e+04 3.367602508235293790e+05 3.013000000000000000e+03
3.037600000000000000e+04 3.367684150588235934e+05 3.157000000000000000e+03
3.037700000000000000e+04 3.367763397647058591e+05 2.853000000000000000e+03
3.037800000000000000e+04 3.367852508235293790e+05 2.732000000000000000e+03
3.037900000000000000e+04 3.367933548235294293e+05 3.118000000000000000e+03
3.038000000000000000e+04 3.368022508235294954e+05 2.743000000000000000e+03
3.038100000000000000e+04 3.368104150588234770e+05 2.774000000000000000e+03
3.038200000000000000e+04 3.368183397647059173e+05 2.648000000000000000e+03
3.038300000000000000e+04 3.368272508235293790e+05 2.804000000000000000e+03
3.038400000000000000e+04 3.368353548235294293e+05 2.903000000000000000e+03
3.038500000000000000e+04 3.368442508235293790e+05 2.777000000000000000e+03
3.038600000000000000e+04 3.368524150588235934e+05 2.987000000000000000e+03
3.038700000000000000e+04 3.368603397647058591e+05 2.773000000000000000e+03
3.038800000000000000e+04 3.368692508235294372e+05 2.720000000000000000e+03
3.038900000000000000e+04 3.368773548235294293e+05 2.541000000000000000e+03
3.039000000000000000e+04 3.368862508235293790e+05 2.612000000000000000e+03
3.039100000000000000e+04 3.368944150588235352e+05 2.623000000000000000e+03
3.039200000000000000e+04 3.369023397647058591e+05 2.577000000000000000e+03
3.039300000000000000e+04 3.369112508235294954e+05 2.603000000000000000e+03
3.039400000000000000e+04 3.369193548235293711e+05 2.555000000000000000e+03
3.039500000000000000e+04 3.369282508235294372e+05 2.561000000000000000e+03
3.039600000000000000e+04 3.369364150588235352e+05 2.835000000000000000e+03
3.039700000000000000e+04 3.369443397647058591e+05 2.840000000000000000e+03
3.039800000000000000e+04 3.369532508235293790e+05 2.866000000000000000e+03
3.039900000000000000e+04 3.369614150588235934e+05 2.666000000000000000e+03
3.040000000000000000e+04 3.369693397647058591e+05 2.831000000000000000e+03
3.040100000000000000e+04 3.369781830588235171e+05 2.820000000000000000e+03
3.040200000000000000e+04 3.369872677647059318e+05 3.176000000000000000e+03
3.040300000000000000e+04 3.369953548235294293e+05 3.092000000000000000e+03
3.040400000000000000e+04 3.370041830588235171e+05 3.060000000000000000e+03
3.040500000000000000e+04 3.370132677647059318e+05 2.952000000000000000e+03
3.040600000000000000e+04 3.370213548235293711e+05 3.099000000000000000e+03
3.040700000000000000e+04 3.370301830588235171e+05 3.059000000000000000e+03
3.040800000000000000e+04 3.370392000000000116e+05 3.220000000000000000e+03
3.040900000000000000e+04 3.370482677647059318e+05 3.242000000000000000e+03
3.041000000000000000e+04 3.370563548235294293e+05 3.467000000000000000e+03
3.041100000000000000e+04 3.370651830588235753e+05 3.493000000000000000e+03
3.041200000000000000e+04 3.370742677647058736e+05 3.516000000000000000e+03
3.041300000000000000e+04 3.370823548235294293e+05 3.594000000000000000e+03
3.041400000000000000e+04 3.370911830588235171e+05 4.303000000000000000e+03
3.041500000000000000e+04 3.371002000000000116e+05 3.597000000000000000e+03
3.041600000000000000e+04 3.371092677647059318e+05 3.617000000000000000e+03
3.041700000000000000e+04 3.371173548235294293e+05 3.649000000000000000e+03
3.041800000000000000e+04 3.371261830588235753e+05 3.904000000000000000e+03
3.041900000000000000e+04 3.371352677647058736e+05 4.327000000000000000e+03
3.042000000000000000e+04 3.371433548235294293e+05 4.974000000000000000e+03
